0.096623,0.10162,0.067748,0.084124,0.10203,0.091241,0.078793,0.099735,0.10096,0.17712,1
0.047725,0.076395,0.072926,0.13578,0.17697,0.15182,0.093868,0.074508,0.062417,0.10759,1
0.04724,0.072824,0.074788,0.13488,0.18432,0.15305,0.093664,0.073411,0.060836,0.10499,1
0.047776,0.076803,0.072544,0.13363,0.17465,0.14937,0.09471,0.076829,0.064866,0.10882,1
0.055147,0.076268,0.080349,0.132,0.16838,0.14453,0.092108,0.076064,0.061728,0.11343,1
0.013851,0.032701,0.045761,0.17218,0.33678,0.22164,0.075656,0.031527,0.027089,0.042827,1
0.013749,0.033109,0.046322,0.16465,0.33066,0.22271,0.079864,0.034435,0.02941,0.045097,1
0.01255,0.030124,0.041628,0.17174,0.35012,0.22176,0.073028,0.031502,0.02714,0.040404,1
0.051194,0.079507,0.072748,0.13136,0.17404,0.14636,0.093944,0.077722,0.063922,0.1092,1
0.055403,0.07915,0.077696,0.12976,0.16965,0.14083,0.091674,0.077339,0.064738,0.11376,1
0.051092,0.076982,0.077747,0.1294,0.17082,0.14692,0.092797,0.076472,0.06535,0.11241,1
0.055403,0.079762,0.080247,0.1246,0.17103,0.13863,0.091827,0.07841,0.065248,0.11484,1
0.012269,0.032828,0.039333,0.16662,0.33369,0.2286,0.078972,0.033364,0.029716,0.044613,1
0.049128,0.075758,0.073309,0.13351,0.17735,0.14697,0.093893,0.075502,0.063514,0.11106,1
0.010943,0.03344,0.037496,0.15468,0.32012,0.23669,0.08744,0.037292,0.034206,0.047699,1
0.041144,0.067391,0.072697,0.14243,0.19796,0.16422,0.09698,0.065427,0.056499,0.095245,1
0.049077,0.077671,0.07285,0.13389,0.17559,0.14856,0.095016,0.073436,0.064101,0.10981,1
0.013927,0.032752,0.047189,0.17389,0.3418,0.21722,0.074253,0.031196,0.026579,0.041195,1
0.013366,0.033491,0.043873,0.16378,0.31285,0.22595,0.083282,0.037802,0.034792,0.050811,1
0.014871,0.032879,0.049255,0.17098,0.33433,0.21817,0.076523,0.032063,0.027268,0.043669,1
0.013009,0.032726,0.043669,0.16771,0.32713,0.2209,0.082721,0.034129,0.030175,0.047827,1
0.012881,0.030966,0.046883,0.1695,0.34979,0.2174,0.072748,0.031298,0.025916,0.042623,1
0.048235,0.077569,0.073283,0.13361,0.17746,0.14838,0.095169,0.074533,0.062902,0.10887,1
0.048311,0.076064,0.073334,0.13583,0.1796,0.14871,0.094149,0.074278,0.062213,0.10751,1
0.047164,0.076752,0.073768,0.13519,0.1745,0.15231,0.09522,0.074661,0.062851,0.10759,1
0.056397,0.080068,0.0779,0.12642,0.17098,0.14022,0.091878,0.076752,0.063692,0.1157,1
0.05025,0.075043,0.075375,0.13251,0.1782,0.14866,0.093817,0.07512,0.06132,0.10971,1
0.013111,0.033364,0.044332,0.16644,0.32206,0.22184,0.079915,0.036323,0.032471,0.050148,1
0.051015,0.076854,0.074916,0.13034,0.177,0.14748,0.095398,0.074788,0.0628,0.1094,1
0.056703,0.080783,0.078691,0.12736,0.16792,0.13871,0.090348,0.07688,0.065172,0.11744,1
0.014616,0.032395,0.049153,0.17309,0.33216,0.21722,0.07438,0.034308,0.027778,0.044893,1
0.05275,0.079507,0.076472,0.13208,0.16741,0.14287,0.093383,0.07938,0.064254,0.1119,1
0.044562,0.068641,0.076854,0.14052,0.19544,0.15659,0.095705,0.06757,0.055811,0.098306,1
0.014335,0.035354,0.049357,0.17088,0.32836,0.21908,0.076625,0.033083,0.027752,0.045174,1
0.052775,0.0754,0.077135,0.13149,0.17394,0.14325,0.09346,0.075554,0.063539,0.11346,1
0.053847,0.07915,0.079201,0.1307,0.16692,0.14101,0.092848,0.077109,0.064789,0.11443,1
0.050505,0.079227,0.073615,0.13435,0.17238,0.14399,0.09323,0.076548,0.064305,0.11185,1
0.01334,0.031374,0.044893,0.16975,0.33741,0.2236,0.07614,0.03089,0.028671,0.043924,1
0.013443,0.034894,0.044154,0.16738,0.32512,0.22199,0.08063,0.035277,0.031425,0.045684,1
0.012728,0.029563,0.043388,0.16838,0.34961,0.22373,0.073691,0.032191,0.025584,0.041144,1
0.013289,0.034257,0.041858,0.16429,0.32242,0.22429,0.079941,0.036961,0.034282,0.048413,1
0.011096,0.032752,0.037777,0.16083,0.32055,0.23235,0.084379,0.036425,0.034665,0.049179,1
0.04923,0.074355,0.075145,0.13198,0.18253,0.14976,0.094863,0.074406,0.061575,0.10616,1
0.055913,0.079278,0.079456,0.12764,0.16713,0.14139,0.091317,0.076905,0.064764,0.11621,1
0.014131,0.031451,0.048031,0.17404,0.34448,0.21426,0.074814,0.032599,0.024997,0.041195,1
0.013545,0.034716,0.043644,0.1633,0.31497,0.22656,0.084022,0.034512,0.035149,0.049587,1
0.011453,0.034257,0.038236,0.16093,0.32415,0.23202,0.082466,0.034614,0.034435,0.047444,1
0.013162,0.034027,0.045557,0.16605,0.33037,0.22153,0.079278,0.035277,0.029997,0.04474,1
0.015407,0.035226,0.048056,0.17475,0.32785,0.2137,0.07841,0.034129,0.027778,0.044689,1
0.048592,0.075349,0.077722,0.13516,0.17894,0.14626,0.093332,0.07489,0.06206,0.10769,1
0.013315,0.032446,0.044995,0.16644,0.324,0.22314,0.079966,0.035379,0.032038,0.048286,1
0.090144,0.10216,0.060989,0.083359,0.12131,0.09624,0.074227,0.10109,0.10221,0.16827,1
0.0074737,0.030048,0.02339,0.1294,0.30777,0.24857,0.083997,0.051984,0.063335,0.054025,1
0.0078053,0.030558,0.024207,0.12884,0.29897,0.24923,0.088333,0.053642,0.064432,0.053974,1
0.0081624,0.029436,0.025584,0.13981,0.32721,0.23985,0.084303,0.0427,0.052367,0.050582,1
0.051423,0.077416,0.065682,0.12519,0.19881,0.14062,0.083639,0.076089,0.069151,0.11198,1
0.0072187,0.033083,0.024283,0.13376,0.30777,0.24133,0.084736,0.048669,0.060428,0.058718,1
0.04548,0.075656,0.061626,0.12812,0.19978,0.14845,0.090552,0.073283,0.06711,0.10994,1
0.047368,0.075171,0.064789,0.12657,0.20393,0.14272,0.085706,0.078972,0.068054,0.10672,1
0.04724,0.074916,0.064585,0.1294,0.19378,0.14504,0.089455,0.077543,0.068743,0.1093,1
0.041577,0.071166,0.059662,0.12994,0.19939,0.15705,0.091368,0.074686,0.069865,0.1053,1
0.0087236,0.032599,0.028671,0.13698,0.33772,0.23281,0.085425,0.041297,0.046857,0.048924,1
0.051908,0.078155,0.067595,0.1296,0.18865,0.13726,0.087083,0.077696,0.069636,0.11241,1
0.008494,0.030227,0.028288,0.14057,0.34963,0.23179,0.076905,0.041424,0.044587,0.048082,1
0.045735,0.073079,0.064611,0.13083,0.19572,0.1459,0.090016,0.074125,0.06882,0.11116,1
0.051092,0.077314,0.064891,0.123,0.19597,0.14039,0.087313,0.077722,0.068411,0.11389,1
0.0066575,0.030941,0.02413,0.13088,0.30974,0.25421,0.08846,0.046934,0.058897,0.049153,1
0.0092593,0.032293,0.027115,0.13358,0.32604,0.23939,0.084379,0.044077,0.052724,0.051143,1
0.052597,0.081114,0.064177,0.11506,0.19738,0.13777,0.083537,0.082058,0.071472,0.11484,1
0.0086216,0.030482,0.026808,0.13414,0.33634,0.23727,0.083461,0.04372,0.049128,0.05002,1
0.0075758,0.030941,0.023186,0.1321,0.31757,0.2499,0.083359,0.04826,0.060121,0.046985,1
0.010076,0.031961,0.034614,0.14504,0.36348,0.2135,0.076574,0.038619,0.038976,0.047164,1
0.0099735,0.030022,0.030252,0.14534,0.35813,0.22306,0.077849,0.039792,0.04043,0.045148,1
0.0073207,0.029206,0.023952,0.13761,0.31323,0.24702,0.085119,0.046908,0.058336,0.051296,1
0.0094123,0.032828,0.030201,0.14366,0.34695,0.22528,0.079354,0.040761,0.042317,0.04923,1
0.039001,0.072467,0.058872,0.1296,0.20531,0.15606,0.09244,0.075681,0.068207,0.10236,1
0.044434,0.074406,0.065121,0.1256,0.20342,0.15004,0.089073,0.074686,0.066371,0.10685,1
0.0081114,0.029614,0.022702,0.13348,0.31058,0.24967,0.084864,0.049638,0.059509,0.051831,1
0.0091317,0.031706,0.029232,0.13805,0.33902,0.22962,0.08341,0.043541,0.046883,0.049408,1
0.048541,0.078589,0.065631,0.12404,0.20011,0.14167,0.083639,0.077849,0.068284,0.11165,1
0.044179,0.074584,0.064203,0.12925,0.1961,0.15067,0.089838,0.075069,0.069228,0.10688,1
0.0092338,0.032624,0.031272,0.14096,0.35433,0.22472,0.078155,0.04094,0.040685,0.047087,1
0.0073717,0.029971,0.023339,0.12907,0.3091,0.25347,0.084787,0.049153,0.061065,0.052673,1
0.048669,0.074967,0.064381,0.12636,0.19649,0.14532,0.087057,0.076752,0.068513,0.11149,1
0.0072442,0.029487,0.022345,0.13062,0.30033,0.25316,0.089812,0.049587,0.063386,0.054025,1
0.04298,0.073513,0.061499,0.13134,0.19728,0.14672,0.094276,0.07512,0.06859,0.10869,1
0.049536,0.077263,0.065427,0.12458,0.19396,0.14552,0.085195,0.077007,0.068182,0.11333,1
0.044511,0.074508,0.063973,0.13057,0.19575,0.14733,0.092975,0.075196,0.068386,0.1068,1
0.050148,0.076217,0.064942,0.12575,0.1945,0.1457,0.085042,0.076242,0.068513,0.11295,1
0.044434,0.075681,0.06007,0.12458,0.20136,0.15078,0.087925,0.075426,0.07109,0.10866,1
0.047495,0.075936,0.065478,0.1246,0.20046,0.14037,0.090246,0.075477,0.06808,0.11185,1
0.052469,0.077849,0.06609,0.12356,0.19832,0.13937,0.082874,0.078589,0.06785,0.11302,1
0.0097694,0.029334,0.029079,0.14748,0.35315,0.22582,0.076956,0.042139,0.040251,0.046016,1
0.038797,0.074202,0.061626,0.12774,0.20824,0.15427,0.09096,0.073385,0.067723,0.10305,1
0.04298,0.07438,0.064432,0.13085,0.1958,0.14912,0.090195,0.075477,0.068156,0.10861,1
0.0093103,0.027727,0.027115,0.13902,0.33616,0.23477,0.083461,0.042394,0.049485,0.050556,1
0.041016,0.07489,0.060223,0.12991,0.19962,0.14978,0.092644,0.074967,0.071192,0.10575,1
0.0075247,0.029436,0.02436,0.13126,0.30385,0.24579,0.087542,0.051704,0.064381,0.054153,1
0.038976,0.06961,0.059892,0.13486,0.21212,0.15947,0.089914,0.070988,0.06456,0.099607,1
0.048388,0.078461,0.065274,0.12353,0.19393,0.1433,0.085757,0.078232,0.069916,0.1132,1
0.037267,0.071855,0.060223,0.12848,0.20074,0.15784,0.092669,0.075426,0.070886,0.10461,1
0.0079584,0.028084,0.024258,0.13641,0.31683,0.24344,0.089124,0.047852,0.056933,0.049102,1
0.044205,0.064815,0.047164,0.11626,0.18327,0.18141,0.084201,0.082976,0.095883,0.099811,1
0.0059943,0.022753,0.021375,0.13113,0.30252,0.25454,0.071829,0.052367,0.074839,0.062647,1
0.022753,0.046628,0.041654,0.13386,0.20773,0.19888,0.086547,0.074661,0.095118,0.092159,1
0.020049,0.043312,0.039001,0.13198,0.19715,0.20898,0.088766,0.076599,0.12473,0.069432,1
0.0049485,0.022319,0.019003,0.12636,0.28635,0.25316,0.076421,0.060274,0.096903,0.054255,1
0.021937,0.044256,0.041858,0.12937,0.20562,0.21136,0.086496,0.072569,0.10336,0.08318,1
0.020865,0.042241,0.040914,0.13846,0.23209,0.20789,0.084354,0.067162,0.07841,0.087619,1
0.0043873,0.021579,0.016886,0.11843,0.25758,0.27002,0.077926,0.056066,0.1381,0.039027,1
0.0063004,0.021809,0.021911,0.13817,0.32328,0.24482,0.072238,0.053183,0.067825,0.050454,1
0.025278,0.051959,0.045455,0.13687,0.21801,0.20404,0.085629,0.070044,0.082696,0.080017,1
0.0073207,0.032752,0.025176,0.13437,0.31721,0.24301,0.074151,0.049918,0.067748,0.048337,1
0.024487,0.047827,0.044307,0.13555,0.2138,0.19957,0.08591,0.070835,0.085093,0.092618,1
0.019258,0.04321,0.036221,0.13565,0.19427,0.20903,0.090552,0.070631,0.13346,0.067723,1
0.025176,0.045812,0.046398,0.13667,0.21926,0.20199,0.086904,0.070784,0.079737,0.087262,1
0.0051015,0.019233,0.016682,0.11989,0.26199,0.27148,0.076446,0.056703,0.13371,0.038772,1
0.0045914,0.021044,0.017141,0.12593,0.26773,0.26472,0.075554,0.067289,0.11555,0.040455,1
0.0060708,0.022472,0.022243,0.13792,0.33073,0.24852,0.077441,0.050709,0.066396,0.037496,1
0.02339,0.045608,0.042343,0.13448,0.21327,0.20355,0.085042,0.073538,0.085655,0.093128,1
0.0055862,0.020125,0.019207,0.12159,0.28206,0.26155,0.076778,0.058438,0.11126,0.043388,1
0.021477,0.046755,0.043899,0.13376,0.20738,0.20307,0.08744,0.073054,0.10088,0.082288,1
0.025737,0.049434,0.048031,0.14014,0.23181,0.20148,0.089455,0.068845,0.077135,0.067927,1
0.023901,0.048975,0.041934,0.13335,0.20592,0.20154,0.087695,0.072416,0.092133,0.092133,1
0.0048209,0.020508,0.015662,0.11846,0.25525,0.27043,0.074814,0.053515,0.14731,0.039231,1
0.0061218,0.023237,0.021937,0.13287,0.29943,0.2499,0.075451,0.052699,0.077977,0.060376,1
0.019029,0.044256,0.037471,0.1319,0.19493,0.21161,0.08767,0.069177,0.13692,0.067034,1
0.020151,0.046092,0.035838,0.13131,0.19557,0.20865,0.087568,0.073385,0.13213,0.069304,1
0.0053056,0.025839,0.01732,0.12478,0.24061,0.26819,0.076854,0.05979,0.13384,0.04747,1
0.0048209,0.023237,0.01783,0.1254,0.26046,0.26138,0.079456,0.063897,0.11881,0.044715,1
0.0046424,0.022294,0.015075,0.12315,0.25625,0.26979,0.078104,0.059254,0.13381,0.037624,1
0.0063259,0.025431,0.022345,0.13195,0.30466,0.24982,0.072799,0.055862,0.069712,0.061091,1
0.0057902,0.023059,0.018442,0.12675,0.27117,0.25842,0.077109,0.060836,0.11522,0.04321,1
0.0049485,0.021783,0.019717,0.13085,0.29676,0.25365,0.073589,0.055989,0.084634,0.058081,1
0.0064024,0.021707,0.021605,0.13445,0.29479,0.24964,0.074635,0.055249,0.079125,0.062392,1
0.025099,0.047597,0.046296,0.13529,0.22699,0.2048,0.085476,0.068437,0.08369,0.076319,1
0.023441,0.04826,0.044077,0.13955,0.21513,0.19949,0.08591,0.071523,0.081675,0.090935,1
0.026783,0.049816,0.04849,0.13414,0.23038,0.20103,0.089073,0.065504,0.083359,0.071421,1
0.0064024,0.020508,0.021503,0.13376,0.31882,0.24814,0.073717,0.052571,0.068309,0.05627,1
0.021886,0.046245,0.044715,0.13427,0.20633,0.20786,0.085399,0.072544,0.090833,0.089914,1
0.0051525,0.026808,0.017651,0.12251,0.2437,0.26699,0.077058,0.05831,0.13606,0.045761,1
0.022957,0.04747,0.043414,0.13823,0.21018,0.2009,0.085808,0.0716,0.084252,0.095194,1
0.0045659,0.019641,0.016784,0.12042,0.25281,0.27033,0.076854,0.055862,0.14363,0.039103,1
0.0050505,0.0201,0.017881,0.1229,0.28097,0.26316,0.07489,0.060759,0.10966,0.044638,1
0.020432,0.046169,0.040812,0.12991,0.20485,0.21049,0.086114,0.073003,0.11157,0.07665,1
0.0057647,0.021835,0.021911,0.13608,0.32173,0.25224,0.073258,0.051474,0.072697,0.043006,1
0.019105,0.045199,0.039613,0.1332,0.21773,0.21082,0.084889,0.069687,0.096623,0.083129,1
0.024207,0.050505,0.046194,0.13547,0.21926,0.19886,0.086675,0.070401,0.082364,0.086063,1
0.0201,0.043592,0.040225,0.13106,0.21618,0.2096,0.086853,0.06961,0.10226,0.080527,1
0.027268,0.050429,0.048362,0.13465,0.22607,0.20258,0.087389,0.066065,0.082441,0.074737,1
0.0046679,0.020177,0.016784,0.12052,0.26051,0.26791,0.075196,0.054076,0.14116,0.039001,1
0.021197,0.044409,0.03821,0.12994,0.19909,0.20618,0.086267,0.075554,0.12366,0.075502,1
0.0047444,0.021324,0.01584,0.12325,0.25176,0.26673,0.07739,0.058157,0.14075,0.040047,1
0.035124,0.06331,0.045633,0.11142,0.24837,0.19725,0.078053,0.069457,0.064024,0.087364,1
0.017422,0.045557,0.035634,0.1245,0.24594,0.24638,0.086216,0.061499,0.067544,0.069304,1
0.0059178,0.02992,0.02339,0.12846,0.35466,0.2663,0.072135,0.038695,0.040149,0.040379,1
0.01885,0.044485,0.038593,0.12695,0.25464,0.24569,0.08369,0.057979,0.061575,0.067544,1
0.019666,0.047113,0.038695,0.12777,0.26344,0.23584,0.082849,0.056729,0.062953,0.064942,1
0.0045148,0.02288,0.016605,0.11756,0.32469,0.30045,0.078181,0.042853,0.051704,0.040557,1
0.0048464,0.02186,0.015203,0.11228,0.28347,0.31428,0.081165,0.05099,0.072773,0.043133,1
0.0054586,0.020967,0.021375,0.12596,0.37448,0.27464,0.070273,0.034792,0.039282,0.032777,1
0.019692,0.043644,0.041807,0.12542,0.27551,0.23656,0.082364,0.056474,0.055964,0.06257,1
0.0041322,0.021681,0.016248,0.1221,0.32009,0.29813,0.074763,0.046908,0.055964,0.03997,1
0.0042853,0.020661,0.016401,0.12037,0.3317,0.29482,0.0754,0.043133,0.055734,0.037496,1
0.021937,0.048056,0.044128,0.12453,0.27773,0.22995,0.080885,0.05553,0.05252,0.064738,1
0.013723,0.042496,0.031374,0.12223,0.22906,0.26143,0.092057,0.064407,0.078665,0.06456,1
0.0044893,0.023033,0.015789,0.11991,0.30045,0.30186,0.078589,0.047138,0.062315,0.046424,1
0.017167,0.045684,0.034359,0.12463,0.25179,0.24056,0.085425,0.061295,0.06836,0.070733,1
0.016988,0.045939,0.036935,0.12177,0.25255,0.24528,0.08341,0.060325,0.064152,0.072646,1
0.019284,0.046296,0.039741,0.1245,0.2588,0.24418,0.080476,0.058514,0.062723,0.065478,1
0.016095,0.043184,0.033415,0.12228,0.23857,0.25375,0.087364,0.063692,0.073334,0.068309,1
0.0042343,0.021605,0.013468,0.11864,0.28217,0.30818,0.080783,0.053234,0.069967,0.047725,1
0.016427,0.041654,0.033364,0.12203,0.22975,0.25658,0.084966,0.066371,0.077977,0.070886,1
0.014259,0.042062,0.030686,0.12407,0.23319,0.25724,0.085578,0.067519,0.078563,0.06683,1
0.0045148,0.022243,0.016121,0.11591,0.30515,0.30165,0.078614,0.048924,0.059866,0.047011,1
0.0042343,0.021426,0.01987,0.12208,0.35708,0.28495,0.073232,0.036603,0.047036,0.033491,1
0.016758,0.04548,0.034716,0.12055,0.24589,0.25533,0.085706,0.062366,0.066447,0.066753,1
0.018468,0.04446,0.039078,0.12351,0.25166,0.24842,0.083588,0.059178,0.063157,0.068488,1
0.0045659,0.025508,0.015432,0.11609,0.26127,0.31122,0.081803,0.054918,0.081624,0.047572,1
0.0046169,0.02084,0.01459,0.11746,0.26581,0.3139,0.081471,0.055938,0.083078,0.042292,1
0.0043108,0.021069,0.013749,0.11478,0.2854,0.31441,0.077696,0.052954,0.070095,0.045531,1
0.0043363,0.021197,0.015483,0.11848,0.29716,0.30938,0.078538,0.049918,0.058132,0.047368,1
0.0033925,0.020151,0.014029,0.11578,0.27314,0.31655,0.081267,0.054714,0.078053,0.042929,1
0.016733,0.043414,0.034461,0.12384,0.24727,0.2462,0.08721,0.062315,0.067876,0.070682,1
0.019896,0.045301,0.039282,0.12565,0.27571,0.23572,0.084379,0.056244,0.054127,0.063692,1
0.0040812,0.022753,0.013519,0.11353,0.26699,0.31336,0.083078,0.056142,0.082696,0.043848,1
0.016529,0.045199,0.034027,0.12057,0.23873,0.25607,0.08466,0.060989,0.070529,0.072697,1
0.0042598,0.020432,0.014641,0.1179,0.29543,0.30948,0.077467,0.046908,0.067978,0.045506,1
0.021146,0.047572,0.044358,0.12874,0.28979,0.22056,0.078002,0.055989,0.050224,0.063616,1
0.017014,0.045276,0.035379,0.1208,0.24161,0.24908,0.086012,0.062953,0.06882,0.073054,1
0.0048464,0.02112,0.020406,0.12108,0.35685,0.29127,0.07058,0.035685,0.042292,0.035864,1
0.0043873,0.025023,0.01556,0.11657,0.27512,0.31053,0.082313,0.049969,0.074151,0.046373,1
0.016682,0.043797,0.033236,0.12073,0.24434,0.25194,0.086445,0.062111,0.06785,0.072875,1
0.022166,0.047929,0.044689,0.1294,0.28512,0.22033,0.077441,0.05553,0.05224,0.065146,1
0.0040812,0.021146,0.014871,0.11677,0.28757,0.31316,0.077518,0.049587,0.069049,0.046245,1
0.0044638,0.02112,0.016656,0.11779,0.32152,0.30061,0.074788,0.043822,0.057316,0.041909,1
0.019131,0.046322,0.038797,0.12371,0.26842,0.24128,0.083716,0.054892,0.059433,0.064305,1
0.0041577,0.02163,0.013545,0.11489,0.26092,0.31693,0.081471,0.056168,0.085399,0.044893,1
0.0035966,0.023799,0.01334,0.11272,0.27951,0.30428,0.081624,0.049689,0.07887,0.052571,1
0.0053566,0.020457,0.018289,0.12073,0.33456,0.29775,0.07461,0.039996,0.049153,0.039103,1
0.0047444,0.021911,0.015509,0.11904,0.29706,0.30599,0.078538,0.047342,0.06507,0.044791,1
0.016299,0.043541,0.034257,0.12126,0.24291,0.25502,0.086292,0.061346,0.068666,0.070401,1
0.0061218,0.024972,0.021044,0.12364,0.35723,0.28265,0.069763,0.037675,0.041501,0.035405,1
0.015942,0.044409,0.032114,0.12101,0.23018,0.25839,0.085935,0.06331,0.077084,0.071625,1
0.050531,0.073615,0.072238,0.13325,0.19021,0.14366,0.086802,0.074278,0.063795,0.11162,1
0.0073462,0.031885,0.030073,0.13948,0.34443,0.24242,0.077875,0.03895,0.040021,0.047521,1
0.03117,0.055249,0.063386,0.1522,0.25107,0.17712,0.088868,0.057341,0.047087,0.076497,1
0.02737,0.053617,0.059586,0.14932,0.25247,0.18371,0.090654,0.056066,0.049714,0.077492,1
0.006683,0.027166,0.023008,0.13218,0.32887,0.25803,0.081318,0.042419,0.051959,0.048362,1
0.008392,0.032675,0.029053,0.14055,0.34734,0.2386,0.078563,0.040251,0.0377,0.046883,1
0.0074992,0.031936,0.026911,0.13422,0.32793,0.25571,0.080757,0.042368,0.0465,0.046169,1
0.0068105,0.02487,0.022804,0.13664,0.34874,0.25826,0.077365,0.040889,0.040914,0.0427,1
0.0079329,0.026426,0.03089,0.15049,0.3756,0.23232,0.071982,0.032777,0.031196,0.040379,1
0.006734,0.027421,0.025941,0.13685,0.34718,0.25082,0.07716,0.037369,0.043363,0.047164,1
0.01005,0.030864,0.033083,0.1484,0.37274,0.22768,0.073207,0.032293,0.031502,0.040174,1
0.0081114,0.02612,0.027242,0.14483,0.36922,0.24038,0.073462,0.035226,0.036629,0.038772,1
0.030941,0.057494,0.06229,0.1506,0.24518,0.17751,0.090603,0.057265,0.048515,0.079609,1
0.0066065,0.024972,0.021171,0.13504,0.34124,0.25605,0.080553,0.041526,0.046347,0.0465,1
0.0068871,0.027599,0.024691,0.13644,0.34216,0.25148,0.079507,0.038899,0.045455,0.046883,1
0.0064789,0.026604,0.022829,0.13004,0.33558,0.26125,0.082951,0.041195,0.047011,0.046067,1
0.0069636,0.025661,0.027829,0.13922,0.37616,0.24056,0.074508,0.034129,0.035762,0.039205,1
0.024717,0.054178,0.051729,0.14366,0.24809,0.19013,0.09596,0.05831,0.05326,0.079966,1
0.0065299,0.024207,0.021732,0.13425,0.33838,0.26033,0.079686,0.044332,0.046449,0.044103,1
0.0061983,0.027064,0.023467,0.13381,0.33775,0.25918,0.079201,0.041016,0.047011,0.045301,1
0.028773,0.056142,0.058821,0.15055,0.25454,0.18039,0.089277,0.054918,0.048975,0.07762,1
0.0074227,0.028415,0.02913,0.13805,0.34486,0.24638,0.078997,0.03844,0.04043,0.047878,1
0.0078053,0.025814,0.029869,0.14402,0.3755,0.23694,0.074967,0.032344,0.033287,0.03946,1
0.031961,0.056423,0.063616,0.15187,0.24452,0.17618,0.088282,0.058744,0.048745,0.07966,1
0.027931,0.056754,0.058591,0.14881,0.24424,0.18457,0.09096,0.058208,0.049791,0.080145,1
0.0061983,0.028007,0.021783,0.13391,0.32395,0.25913,0.084379,0.04321,0.052928,0.0465,1
0.0097439,0.02788,0.035379,0.14924,0.38708,0.22347,0.068207,0.031936,0.027268,0.039792,1
0.0085961,0.028288,0.03168,0.15052,0.38511,0.23105,0.06933,0.031221,0.026553,0.037649,1
0.0070146,0.026349,0.026298,0.13968,0.35795,0.246,0.077977,0.036731,0.038312,0.043695,1
0.0088511,0.02839,0.030073,0.14486,0.37233,0.23607,0.073998,0.032726,0.03344,0.039256,1
0.0075247,0.025941,0.027931,0.1444,0.37407,0.23875,0.073003,0.035328,0.033874,0.03918,1
0.030507,0.056729,0.063565,0.14958,0.25005,0.1759,0.09022,0.057112,0.047827,0.078512,1
0.0074227,0.026298,0.028135,0.14509,0.37083,0.2399,0.073462,0.034639,0.034512,0.039715,1
0.0063769,0.024972,0.023518,0.13624,0.34828,0.25689,0.07716,0.041246,0.042343,0.04298,1
0.027752,0.054561,0.057902,0.15289,0.25314,0.18187,0.090731,0.0553,0.048643,0.077212,1
0.028288,0.055989,0.060785,0.14861,0.24518,0.18072,0.092184,0.057086,0.051321,0.079839,1
0.031145,0.055249,0.064738,0.15307,0.2524,0.1785,0.084787,0.055709,0.046806,0.077594,1
0.0068105,0.025584,0.025686,0.14195,0.36756,0.24352,0.076217,0.035634,0.037522,0.039511,1
0.024742,0.054382,0.052954,0.15014,0.25607,0.18557,0.091266,0.056397,0.052418,0.076064,1
0.0065555,0.025763,0.023518,0.13904,0.35211,0.25023,0.078079,0.040353,0.041246,0.043108,1
0.0090807,0.027242,0.032548,0.1482,0.3793,0.22837,0.071141,0.033338,0.031808,0.038976,1
0.0076523,0.02765,0.02992,0.14292,0.37366,0.23651,0.073564,0.034741,0.033619,0.039766,1
0.022676,0.054102,0.049587,0.14493,0.25265,0.19289,0.094786,0.056958,0.054714,0.076701,1
0.006632,0.026247,0.024462,0.13608,0.34277,0.25538,0.077824,0.040838,0.043822,0.045939,1
0.0074737,0.027013,0.028441,0.14223,0.36675,0.24046,0.074355,0.035609,0.036297,0.041373,1
0.024921,0.054255,0.056729,0.14891,0.2573,0.18447,0.090909,0.05678,0.049969,0.075758,1
0.0081879,0.02788,0.028339,0.14223,0.35688,0.24638,0.07614,0.035507,0.037598,0.040863,1
0.0070656,0.028033,0.026196,0.14358,0.35364,0.24158,0.079558,0.036833,0.040404,0.043108,1
0.0067595,0.025125,0.02385,0.13351,0.3516,0.25951,0.074329,0.038236,0.043924,0.043159,1
0.0314,0.057112,0.062723,0.14963,0.24651,0.177,0.088435,0.058565,0.048796,0.079839,1
0.0094633,0.029869,0.03367,0.15152,0.38532,0.22217,0.069355,0.030966,0.027548,0.040123,1
0.052852,0.087491,0.063539,0.11101,0.1987,0.13167,0.082007,0.087466,0.072033,0.11323,1
0.026579,0.059968,0.05451,0.13675,0.25441,0.17383,0.089863,0.065631,0.055454,0.083002,1
0.0068871,0.023773,0.026528,0.14238,0.38139,0.23459,0.076523,0.035456,0.034945,0.037522,1
0.027293,0.059229,0.052903,0.13902,0.25579,0.17508,0.08943,0.065657,0.055249,0.080349,1
0.028824,0.062851,0.058463,0.13675,0.25538,0.16955,0.088154,0.065504,0.055428,0.079099,1
0.0074482,0.022727,0.029206,0.14692,0.41141,0.2188,0.068564,0.032497,0.027778,0.034639,1
0.0063769,0.025253,0.026043,0.1444,0.38267,0.23579,0.076064,0.032803,0.033874,0.036731,1
0.024258,0.059025,0.05076,0.14294,0.25255,0.18294,0.088945,0.063795,0.055275,0.079507,1
0.0073972,0.025099,0.030303,0.14029,0.38131,0.23189,0.07637,0.034537,0.033925,0.038874,1
0.024819,0.059025,0.051882,0.14154,0.25816,0.1796,0.089532,0.061218,0.055556,0.078665,1
0.0067085,0.023722,0.026962,0.14208,0.38698,0.23388,0.076778,0.033721,0.033491,0.035685,1
0.0062239,0.025839,0.020916,0.13399,0.33632,0.25525,0.085272,0.043006,0.051117,0.042062,1
0.0066575,0.023416,0.025916,0.14149,0.3771,0.24028,0.077314,0.033262,0.036425,0.038134,1
0.029283,0.061397,0.059535,0.13815,0.25699,0.16746,0.087057,0.064789,0.054994,0.080349,1
0.0064789,0.023314,0.026298,0.13968,0.37726,0.23801,0.076446,0.036731,0.037088,0.038695,1
0.026222,0.058897,0.054076,0.13759,0.25207,0.18082,0.08994,0.06257,0.055224,0.082594,1
0.0072697,0.024487,0.028237,0.14386,0.39399,0.23176,0.069993,0.033542,0.03214,0.034716,1
0.0061473,0.024717,0.024487,0.14101,0.36124,0.24857,0.075656,0.038032,0.04122,0.038925,1
0.0060708,0.024283,0.025967,0.14004,0.37256,0.24097,0.077773,0.036246,0.037471,0.038619,1
0.024564,0.061295,0.053387,0.13545,0.25156,0.17863,0.091241,0.06609,0.059101,0.078691,1
0.0060453,0.02436,0.022039,0.13338,0.35241,0.25551,0.083333,0.038593,0.0427,0.041628,1
0.024258,0.057953,0.052214,0.1357,0.24676,0.182,0.091623,0.065376,0.061575,0.082543,1
0.0063514,0.025099,0.026196,0.13547,0.36746,0.24579,0.076395,0.038567,0.038746,0.039919,1
0.0074737,0.024895,0.028696,0.14361,0.39919,0.22885,0.070554,0.033134,0.02862,0.034971,1
0.008239,0.025635,0.030303,0.14991,0.40261,0.21886,0.070273,0.03038,0.028058,0.035736,1
0.006632,0.02538,0.028007,0.13761,0.37198,0.23822,0.079507,0.036221,0.036986,0.03946,1
0.029665,0.062086,0.056015,0.13529,0.25344,0.17294,0.086573,0.065223,0.056423,0.082339,1
0.03242,0.064381,0.062621,0.13874,0.25625,0.16016,0.083946,0.066371,0.052648,0.082466,1
0.028466,0.061907,0.052597,0.13682,0.25852,0.17159,0.088435,0.06257,0.05655,0.082543,1
0.0063259,0.025584,0.02186,0.13624,0.35744,0.24592,0.081242,0.039409,0.043797,0.04219,1
0.03265,0.064228,0.057953,0.13511,0.25196,0.1648,0.086267,0.068029,0.055224,0.083767,1
0.0067595,0.031604,0.027293,0.13567,0.34606,0.23924,0.078206,0.04122,0.046908,0.047036,1
0.025916,0.057009,0.053847,0.1419,0.25576,0.17965,0.090297,0.063055,0.053949,0.078614,1
0.027599,0.057214,0.056652,0.142,0.25939,0.17445,0.086165,0.063106,0.054051,0.07938,1
0.029028,0.059356,0.060045,0.14233,0.26352,0.16807,0.085655,0.062443,0.051755,0.077798,1
0.0061473,0.024946,0.026426,0.14078,0.38017,0.23941,0.075936,0.034078,0.035124,0.036986,1
0.0072952,0.027242,0.02663,0.13891,0.367,0.23822,0.079074,0.035813,0.040914,0.038899,1
0.024895,0.058693,0.049561,0.13659,0.2451,0.18416,0.091598,0.066447,0.061473,0.081471,1
0.024589,0.056576,0.048643,0.13746,0.25763,0.18297,0.091266,0.063361,0.057851,0.07966,1
0.025329,0.062851,0.052061,0.13741,0.24972,0.17521,0.090322,0.065223,0.059101,0.082772,1
0.0058923,0.025176,0.02339,0.14022,0.35626,0.2473,0.081089,0.038721,0.040659,0.041297,1
0.028339,0.061448,0.054484,0.13565,0.25416,0.1758,0.088103,0.064305,0.056831,0.080885,1
0.027013,0.060249,0.054127,0.13407,0.25635,0.17672,0.087389,0.064203,0.058106,0.081777,1
0.0072952,0.02816,0.024232,0.13249,0.33219,0.24883,0.084558,0.043567,0.051474,0.047215,1
0.024946,0.058821,0.051704,0.13856,0.25051,0.18075,0.089736,0.06484,0.058923,0.081216,1
0.0074227,0.026094,0.027982,0.14034,0.36782,0.236,0.077824,0.037547,0.039715,0.039256,1
0.027676,0.062213,0.056831,0.14159,0.25944,0.17238,0.082772,0.066014,0.053719,0.077365,1
0.0070656,0.028926,0.026808,0.13695,0.35933,0.24061,0.078283,0.038083,0.04145,0.042496,1
0.0064534,0.024309,0.027421,0.13749,0.37728,0.23587,0.07762,0.036246,0.037649,0.039664,1
0.0064789,0.025737,0.028007,0.142,0.3997,0.22743,0.07262,0.032522,0.031298,0.034206,1
0.0050505,0.023646,0.023518,0.13675,0.36068,0.25316,0.077212,0.037598,0.043006,0.039384,1
0.032242,0.051194,0.045455,0.13519,0.29056,0.18858,0.077722,0.054688,0.049536,0.074839,1
0.005127,0.020023,0.023288,0.13343,0.42159,0.25324,0.061601,0.027446,0.025482,0.028773,1
0.018901,0.040557,0.041424,0.14289,0.31777,0.21518,0.078946,0.0465,0.040506,0.057316,1
0.016452,0.040353,0.03543,0.13274,0.2854,0.23832,0.089302,0.050301,0.052112,0.059586,1
0.016937,0.040608,0.036603,0.13305,0.29668,0.23092,0.084813,0.051984,0.049255,0.059152,1
0.0039282,0.021248,0.01709,0.12374,0.32826,0.29168,0.081624,0.044332,0.052418,0.035685,1
0.0043873,0.020432,0.015483,0.12427,0.3215,0.29293,0.08165,0.045659,0.056831,0.036858,1
0.004872,0.020228,0.019105,0.13221,0.37073,0.27237,0.0716,0.036093,0.038542,0.034257,1
0.0048975,0.020942,0.01987,0.12958,0.37606,0.27028,0.070835,0.034461,0.037012,0.036068,1
0.017651,0.041552,0.038108,0.13542,0.29632,0.22783,0.086547,0.049969,0.048107,0.058489,1
0.01959,0.042445,0.044077,0.13968,0.31805,0.21192,0.078385,0.046883,0.041042,0.057928,1
0.019845,0.041552,0.042419,0.13978,0.31494,0.21778,0.079456,0.045837,0.041271,0.057112,1
0.0047189,0.019921,0.020253,0.13027,0.38991,0.26666,0.068386,0.031374,0.035303,0.033211,1
0.0036731,0.020279,0.015687,0.12682,0.32688,0.28979,0.079354,0.045939,0.056703,0.034869,1
0.015815,0.040302,0.037853,0.13861,0.30178,0.2234,0.08443,0.050582,0.049663,0.057571,1
0.015534,0.040863,0.036527,0.13677,0.2979,0.23388,0.083869,0.051959,0.046424,0.05627,1
0.0041067,0.021783,0.01635,0.12463,0.32078,0.2904,0.078716,0.046194,0.057749,0.039282,1
0.0037496,0.020559,0.016121,0.12307,0.32356,0.29408,0.080834,0.046908,0.054561,0.036552,1
0.0046169,0.020687,0.01635,0.12369,0.32318,0.29074,0.080859,0.045021,0.058565,0.036297,1
0.0047954,0.021656,0.018927,0.13162,0.35601,0.27699,0.075783,0.038874,0.041934,0.033415,1
0.0053056,0.021732,0.022294,0.13504,0.40111,0.25541,0.06683,0.030073,0.030405,0.031808,1
0.0053056,0.024793,0.019488,0.12708,0.34507,0.27477,0.078308,0.040123,0.046832,0.038236,1
0.005025,0.020967,0.02311,0.13404,0.4035,0.25765,0.063488,0.03066,0.029895,0.031655,1
0.0043618,0.021299,0.017677,0.12644,0.33938,0.28372,0.07887,0.045199,0.049255,0.033798,1
0.018212,0.040455,0.042139,0.1394,0.30836,0.22169,0.080323,0.048209,0.042598,0.058616,1
0.018799,0.042266,0.040889,0.14335,0.31828,0.21528,0.077824,0.044613,0.041577,0.057112,1
0.016912,0.041144,0.035379,0.13159,0.29548,0.23166,0.084813,0.05224,0.050122,0.060657,1
0.0201,0.040685,0.042674,0.14078,0.32155,0.2109,0.078512,0.046424,0.040965,0.057418,1
0.019717,0.040863,0.041654,0.14129,0.32188,0.2112,0.079125,0.04525,0.041399,0.057622,1
0.0045659,0.020151,0.014718,0.12417,0.32402,0.29413,0.081165,0.045072,0.05479,0.037216,1
0.0041577,0.024003,0.018034,0.12511,0.32752,0.28668,0.08341,0.043414,0.051117,0.036552,1
0.018059,0.039052,0.0377,0.13958,0.30688,0.22564,0.081267,0.049434,0.044281,0.058106,1
0.0050505,0.021299,0.019029,0.13075,0.36188,0.27339,0.075605,0.035405,0.042394,0.0352,1
0.0042853,0.021171,0.016733,0.12369,0.33933,0.285,0.07841,0.045097,0.048337,0.037955,1
0.0046169,0.021222,0.017753,0.12731,0.36103,0.27944,0.073538,0.037394,0.041628,0.036068,1
0.014896,0.039435,0.034104,0.13506,0.29341,0.23531,0.087006,0.052826,0.051398,0.05655,1
0.016121,0.040557,0.036348,0.13519,0.29693,0.22827,0.086114,0.050505,0.052265,0.057698,1
0.004872,0.021044,0.015483,0.12116,0.3318,0.29298,0.079609,0.042751,0.054663,0.035634,1
0.015356,0.038721,0.033747,0.12973,0.28094,0.23862,0.08994,0.05354,0.059433,0.059968,1
0.0059688,0.02209,0.023799,0.13565,0.40067,0.25852,0.063157,0.030124,0.028849,0.03117,1
0.01482,0.038465,0.032344,0.13103,0.29068,0.2375,0.087517,0.053005,0.055403,0.059229,1
0.0053566,0.019131,0.018314,0.1319,0.3631,0.27421,0.075477,0.036348,0.039715,0.03645,1
0.004923,0.022192,0.017498,0.12307,0.33446,0.28398,0.081675,0.0427,0.052928,0.036578,1
0.0046934,0.021248,0.020687,0.13631,0.39544,0.26441,0.065325,0.029614,0.029691,0.032573,1
0.017396,0.040328,0.037522,0.13606,0.29316,0.22829,0.086012,0.05099,0.049485,0.060759,1
0.0049995,0.019666,0.017473,0.12471,0.34326,0.28546,0.078079,0.04173,0.047291,0.037343,1
0.0053056,0.019233,0.021426,0.13361,0.41052,0.2549,0.066039,0.028747,0.02992,0.030303,1
0.0052546,0.026196,0.021732,0.12708,0.34928,0.26862,0.077696,0.039511,0.046449,0.038185,1
0.016427,0.039588,0.034716,0.13619,0.29696,0.23176,0.085731,0.051117,0.050633,0.056882,1
0.017855,0.040302,0.039868,0.13687,0.30709,0.221,0.082747,0.048413,0.045582,0.060274,1
0.0045659,0.021732,0.01732,0.12463,0.33397,0.28681,0.077645,0.043873,0.051321,0.038134,1
0.11601,0.10991,0.058718,0.067493,0.080655,0.065019,0.060632,0.1104,0.12807,0.20309,1
0.057341,0.087925,0.073181,0.11938,0.16284,0.1254,0.085246,0.088486,0.074941,0.12527,1
0.013187,0.03418,0.042266,0.16179,0.34744,0.20733,0.079609,0.03543,0.032114,0.046653,1
0.010433,0.034333,0.034231,0.14914,0.31295,0.22748,0.090016,0.044562,0.046296,0.050556,1
0.013902,0.038134,0.043286,0.16205,0.3327,0.20475,0.080425,0.039868,0.035175,0.049714,1
0.061065,0.084277,0.07563,0.12323,0.16292,0.11917,0.086879,0.085425,0.074329,0.12708,1
0.065861,0.088333,0.074304,0.11404,0.15825,0.11769,0.081497,0.089583,0.077084,0.13335,1
0.013187,0.034257,0.041373,0.15562,0.33971,0.21164,0.08267,0.039945,0.033874,0.047725,1
0.058591,0.084736,0.074329,0.1219,0.16179,0.12415,0.088358,0.085425,0.075222,0.1255,1
0.011963,0.034384,0.03918,0.15488,0.32884,0.21572,0.08369,0.044154,0.038389,0.048796,1
0.013264,0.032369,0.04395,0.16419,0.35308,0.20595,0.075528,0.036833,0.03117,0.043669,1
0.010178,0.032726,0.032777,0.14544,0.31729,0.23067,0.089124,0.045353,0.044689,0.051755,1
0.061779,0.083563,0.074278,0.12106,0.16493,0.1229,0.086292,0.086598,0.074329,0.12427,1
0.055964,0.083741,0.071141,0.1221,0.16952,0.12677,0.087108,0.086496,0.074074,0.12307,1
0.015279,0.038159,0.043873,0.16419,0.32377,0.20549,0.082262,0.040174,0.035405,0.051398,1
0.057163,0.086751,0.07234,0.12101,0.16557,0.12386,0.086751,0.08619,0.075247,0.12511,1
0.06104,0.085552,0.073054,0.1179,0.16302,0.12409,0.084966,0.087568,0.074329,0.12848,1
0.014488,0.037394,0.041756,0.15912,0.32742,0.20773,0.083486,0.041144,0.037624,0.049842,1
0.012371,0.033874,0.037573,0.14947,0.32754,0.22049,0.083486,0.043363,0.040965,0.050862,1
0.05326,0.084073,0.069304,0.127,0.16725,0.13152,0.089022,0.08517,0.073462,0.11994,1
0.053209,0.08318,0.070529,0.12131,0.17483,0.12866,0.090654,0.083614,0.072493,0.12152,1
0.053745,0.082237,0.070171,0.12364,0.17371,0.13065,0.088843,0.08415,0.073309,0.11955,1
0.011325,0.033619,0.037063,0.15481,0.32622,0.21794,0.084022,0.042674,0.042292,0.050046,1
0.012856,0.035226,0.039103,0.15657,0.34101,0.2123,0.0804,0.040736,0.035098,0.046704,1
0.010305,0.034078,0.034716,0.15305,0.32048,0.22436,0.088205,0.041501,0.044485,0.048822,1
0.011861,0.034333,0.036425,0.15271,0.32168,0.22232,0.08466,0.042929,0.042292,0.050786,1
0.014692,0.034282,0.048337,0.16435,0.34468,0.19939,0.078997,0.036578,0.031451,0.04724,1
0.054816,0.084889,0.070197,0.12491,0.16621,0.13017,0.086904,0.085144,0.074686,0.12208,1
0.012422,0.036782,0.040174,0.15203,0.31201,0.2186,0.087032,0.044154,0.04395,0.052852,1
0.059637,0.087159,0.071651,0.12425,0.16164,0.12223,0.084813,0.089124,0.075171,0.12432,1
0.012448,0.035405,0.037904,0.15001,0.31178,0.22146,0.086751,0.043873,0.045199,0.055173,1
0.057418,0.083843,0.073564,0.12338,0.16473,0.12621,0.088945,0.085323,0.073768,0.12282,1
0.011529,0.036552,0.034257,0.14868,0.30941,0.22783,0.087517,0.046424,0.043771,0.054025,1
0.054765,0.08193,0.071549,0.12578,0.17248,0.12948,0.089455,0.086012,0.070171,0.11838,1
0.014029,0.034104,0.045301,0.16105,0.34509,0.20572,0.076982,0.038899,0.032446,0.046373,1
0.010943,0.032752,0.035736,0.15037,0.33466,0.22419,0.081395,0.039741,0.041577,0.048643,1
0.059637,0.087415,0.072008,0.12106,0.16664,0.12027,0.088282,0.085476,0.074329,0.12489,1
0.015228,0.034257,0.046908,0.16549,0.34081,0.20113,0.078079,0.038746,0.031655,0.047699,1
0.012422,0.033645,0.040098,0.15799,0.33775,0.21388,0.083614,0.03997,0.034971,0.045659,1
0.062876,0.089608,0.072875,0.11601,0.15927,0.11731,0.082721,0.09068,0.077773,0.13088,1
0.054076,0.087389,0.068513,0.12114,0.17325,0.12506,0.088154,0.086547,0.074125,0.12175,1
0.011861,0.033823,0.037828,0.15322,0.32872,0.22156,0.083869,0.041042,0.03867,0.049408,1
0.058718,0.085552,0.071574,0.1219,0.16575,0.12279,0.087006,0.085068,0.074406,0.12723,1
0.013851,0.034359,0.046169,0.16422,0.34292,0.19993,0.077492,0.038721,0.033083,0.049255,1
0.066065,0.089583,0.071549,0.11639,0.15562,0.11445,0.083257,0.090373,0.077773,0.13494,1
0.010866,0.033798,0.036272,0.15297,0.3078,0.22587,0.089022,0.044817,0.046245,0.052342,1
0.058132,0.085221,0.072544,0.12098,0.16582,0.12473,0.088256,0.084736,0.075069,0.1245,1
0.05201,0.081522,0.069712,0.127,0.17327,0.13223,0.090526,0.08239,0.073666,0.11767,1
0.012371,0.032752,0.040047,0.16067,0.34474,0.21166,0.081701,0.03668,0.033491,0.045888,1
0.060428,0.087568,0.073972,0.12029,0.16299,0.11869,0.086165,0.088817,0.073972,0.1271,1
0.058259,0.086292,0.071498,0.12239,0.16552,0.12397,0.085348,0.087134,0.075196,0.1244,1
0.039384,0.071498,0.055096,0.11677,0.19149,0.16098,0.08721,0.080885,0.086598,0.11009,1
0.022727,0.050607,0.044409,0.13147,0.22439,0.20143,0.087721,0.063948,0.084889,0.088409,1
0.0065299,0.025431,0.021886,0.12943,0.2689,0.23952,0.068998,0.056066,0.11881,0.064432,1
0.019462,0.049408,0.037955,0.13068,0.19498,0.20608,0.086292,0.071396,0.1154,0.088358,1
0.0078053,0.025431,0.023697,0.13846,0.30612,0.24153,0.075783,0.048464,0.086216,0.0465,1
0.0059943,0.024207,0.018391,0.12346,0.25105,0.24793,0.073334,0.057316,0.15391,0.044409,1
0.021886,0.051653,0.043159,0.13443,0.21368,0.19799,0.085093,0.068335,0.090654,0.093128,1
0.020636,0.050658,0.042649,0.13261,0.20998,0.20177,0.087313,0.069151,0.097286,0.08795,1
0.026375,0.056397,0.051117,0.13529,0.23416,0.18483,0.089098,0.065912,0.076395,0.080425,1
0.0064024,0.024793,0.019947,0.12687,0.26186,0.23929,0.070069,0.062774,0.13004,0.057953,1
0.018825,0.050913,0.040481,0.12899,0.2111,0.2059,0.08971,0.067238,0.097949,0.088894,1
0.0076013,0.027625,0.025253,0.13886,0.31816,0.23635,0.078002,0.046755,0.081063,0.040328,1
0.025406,0.05451,0.050429,0.13705,0.24013,0.18595,0.08795,0.066524,0.072008,0.080043,1
0.019105,0.050046,0.041246,0.12863,0.2098,0.20258,0.089379,0.067876,0.098255,0.093077,1
0.018825,0.047266,0.037522,0.1243,0.19327,0.21358,0.086624,0.071447,0.12953,0.077645,1
0.0058412,0.023365,0.018952,0.12358,0.25775,0.24977,0.070324,0.054765,0.15271,0.042929,1
0.0063514,0.022141,0.01811,0.12333,0.26258,0.24918,0.072314,0.05604,0.15062,0.039333,1
0.0066065,0.025074,0.022753,0.13233,0.2902,0.2347,0.071702,0.054663,0.09499,0.066983,1
0.022549,0.052367,0.046806,0.13567,0.21886,0.19546,0.090271,0.066753,0.087593,0.083665,1
0.0072952,0.024309,0.024028,0.13616,0.31864,0.24416,0.075298,0.048873,0.081522,0.039715,1
0.0072187,0.02515,0.021835,0.1281,0.26222,0.23857,0.070784,0.056856,0.12504,0.064228,1
0.0059433,0.02339,0.02112,0.13085,0.28936,0.24449,0.068233,0.051933,0.092133,0.072544,1
0.02362,0.052495,0.046551,0.13672,0.22212,0.19615,0.08971,0.067238,0.082594,0.082798,1
0.0070146,0.024742,0.023467,0.13667,0.30795,0.24153,0.074482,0.048847,0.09045,0.044842,1
0.019845,0.047929,0.03793,0.12718,0.19758,0.2098,0.083869,0.069865,0.12652,0.079482,1
0.0068615,0.028773,0.021477,0.1332,0.26755,0.23737,0.069483,0.05451,0.10545,0.075324,1
0.021375,0.048005,0.040914,0.13057,0.21495,0.20261,0.086573,0.06961,0.099276,0.086114,1
0.026145,0.056372,0.050352,0.13246,0.23602,0.18684,0.088868,0.066957,0.075936,0.080043,1
0.020279,0.050684,0.041526,0.13374,0.21281,0.19437,0.086292,0.072238,0.10494,0.083129,1
0.020202,0.05099,0.041475,0.13287,0.20791,0.20085,0.091521,0.067493,0.095628,0.091062,1
0.024666,0.053566,0.04571,0.13246,0.22794,0.19401,0.085399,0.069916,0.08216,0.084175,1
0.024105,0.053591,0.048643,0.13774,0.23531,0.19258,0.089073,0.065197,0.075094,0.078665,1
0.0063514,0.024666,0.01908,0.12557,0.26212,0.23816,0.069585,0.061193,0.12445,0.06882,1
0.0067595,0.024564,0.022957,0.13636,0.31436,0.23954,0.074125,0.050837,0.086088,0.044409,1
0.023722,0.055581,0.045812,0.13756,0.22518,0.19618,0.088613,0.06683,0.082721,0.077798,1
0.026477,0.052163,0.046347,0.13511,0.22666,0.1911,0.090093,0.065937,0.081471,0.084634,1
0.021962,0.050964,0.042343,0.13129,0.20605,0.19939,0.084303,0.068488,0.1028,0.092414,1
0.0072187,0.028415,0.023339,0.13519,0.28393,0.23852,0.070554,0.054714,0.096062,0.06206,1
0.0055862,0.022957,0.01658,0.12415,0.26056,0.25237,0.071243,0.052852,0.15312,0.040583,1
0.021299,0.051296,0.043516,0.13585,0.21444,0.19587,0.085731,0.070503,0.088256,0.09323,1
0.020483,0.050173,0.044256,0.1355,0.22888,0.20174,0.08943,0.06609,0.084838,0.078614,1
0.019284,0.048694,0.039384,0.1271,0.19452,0.20812,0.084558,0.07262,0.12968,0.076038,1
0.021528,0.049485,0.043414,0.13578,0.21449,0.20179,0.087032,0.066881,0.09147,0.088129,1
0.023799,0.052877,0.047903,0.13731,0.2339,0.19161,0.090577,0.063386,0.078487,0.080145,1
0.0060198,0.024895,0.021095,0.12958,0.28173,0.23727,0.067519,0.05451,0.10149,0.075885,1
0.022855,0.052469,0.046781,0.13488,0.23258,0.19791,0.088027,0.063973,0.079048,0.081471,1
